{
 "cells": [
  {
   "cell_type": "code",
   "execution_count": 18,
   "metadata": {},
   "outputs": [],
   "source": [
    "import numpy as np\n",
    "\n",
    "Mol = 32e-3 # kg\n",
    "Rg = 8.3144598  / Mol  # J / (mol * K) \n",
    "\n",
    "F_m = lambda vx, vy, vz, ux, uy, uz, T, n : n * ((1. / (2. * np.pi * Rg * T)) ** (3. / 2.)) * (\n",
    "        np.exp(-((vx-ux)**2 + (vy-uy)**2 + (vz-uz)**2) / (2. * Rg * T))\n",
    ")\n",
    "\n",
    "def J(f, vmax, L):\n",
    "    #fundamental constants\n",
    "    Na = 6.02214129e+23\n",
    "    kB = 1.381e-23 # J * K\n",
    "    \n",
    "    #gas parameters\n",
    "    Mol = 32e-3 # kg\n",
    "    Rg = 8.3144598  / Mol  # J / (mol * K) \n",
    "    m = 32e-3 / Na # kg\n",
    "    \n",
    "    Pr = 2. / 3.\n",
    "    C = 127.\n",
    "    T_0 = 292.25\n",
    "    mu_0 = 20.18\n",
    "\n",
    "    #vmax = np.sqrt(2 * Rg * T) * 4\n",
    "    #L = 21\n",
    "    \n",
    "    h = 2. * vmax / L\n",
    "    vx_ = np.linspace(-vmax+h/2, vmax-h/2, L)\n",
    "\n",
    "    vx, vy, vz = np.meshgrid(vx_, vx_, vx_, indexing='ij')\n",
    "\n",
    "    assert np.all(vx[:,0,0] == vx_)\n",
    "    assert np.all(vy[0,:,0] == vx_)\n",
    "    assert np.all(vz[0,0,:] == vx_)\n",
    "\n",
    "    n = (h ** 3) * np.sum(f)\n",
    "\n",
    "    ux = (1. / n) * np.sum(vx * f)\n",
    "    uy = (1. / n) * np.sum(vy * f)\n",
    "    uz = (1. / n) * np.sum(vz * f)\n",
    "\n",
    "    T = (2. / (3. * m * n * Rg)) * ((1. / 2.) * m * (h ** 3) * np.sum((vx*vx + vy*vy + vz*vz) * f)\n",
    "                                    - (1. / 2.) * m * n * (ux*ux + uy*uy + uz*uz))\n",
    "\n",
    "    Vx = vx - ux\n",
    "    Vy = vy - uy\n",
    "    Vz = vz - uz\n",
    "\n",
    "    qx = (1. / 2.) * m * (h ** 3) * np.sum(Vx * (Vx*Vx + Vy*Vy + Vz*Vz) * f)\n",
    "    qy = (1. / 2.) * m * (h ** 3) * np.sum(Vy * (Vx*Vx + Vy*Vy + Vz*Vz) * f)\n",
    "    qz = (1. / 2.) * m * (h ** 3) * np.sum(Vz * (Vx*Vx + Vy*Vy + Vz*Vz) * f)\n",
    "\n",
    "    rho = m * n\n",
    "\n",
    "    p = rho * Rg * T\n",
    "\n",
    "    (cx, cy, cz) = (Vx, Vy, Vz) / ((2. * Rg * T) ** (1. / 2.))\n",
    "\n",
    "    Sx = (1. / n) * (h ** 3) * np.sum(cx * (cx*cx + cy*cy + cz*cz) * f)\n",
    "    Sy = (1. / n) * (h ** 3) * np.sum(cy * (cx*cx + cy*cy + cz*cz) * f)\n",
    "    Sz = (1. / n) * (h ** 3) * np.sum(cz * (cx*cx + cy*cy + cz*cz) * f)\n",
    "\n",
    "\n",
    "    mu = mu_0 * ((T_0 + C) / (T + C)) * ((T / T_0) ** (3. / 2.))\n",
    "\n",
    "\n",
    "    f_plus = F_m(vx, vy, vz, ux, uy, uz, T, n) * (1. + (4. / 5.) * (1. - Pr) * (cx*Sx + cy*Sy + cz*Sz) * \n",
    "                                      (cx*cx + cy*cy + cz*cz - (5. / 2.)))\n",
    "\n",
    "    J = (p / mu) * (f_plus - f)\n",
    "\n",
    "    return J"
   ]
  },
  {
   "cell_type": "code",
   "execution_count": 19,
   "metadata": {},
   "outputs": [
    {
     "name": "stdout",
     "output_type": "stream",
     "text": [
      "[-950. -850. -750. -650. -550. -450. -350. -250. -150.  -50.   50.  150.\n",
      "  250.  350.  450.  550.  650.  750.  850.  950.]\n",
      "1.8801290832462725e+25\n",
      "[[[-4.11461294e+11 -1.21485712e+12 -3.16449321e+12 ... -3.16449321e+12\n",
      "   -1.21485712e+12 -4.11461294e+11]\n",
      "  [-1.21485712e+12 -3.56547153e+12 -9.22998910e+12 ... -9.22998910e+12\n",
      "   -3.56547153e+12 -1.21485712e+12]\n",
      "  [-3.16449321e+12 -9.22998910e+12 -2.37389918e+13 ... -2.37389918e+13\n",
      "   -9.22998910e+12 -3.16449321e+12]\n",
      "  ...\n",
      "  [-3.16449321e+12 -9.22998910e+12 -2.37389918e+13 ... -2.37389918e+13\n",
      "   -9.22998910e+12 -3.16449321e+12]\n",
      "  [-1.21485712e+12 -3.56547153e+12 -9.22998910e+12 ... -9.22998910e+12\n",
      "   -3.56547153e+12 -1.21485712e+12]\n",
      "  [-4.11461294e+11 -1.21485712e+12 -3.16449321e+12 ... -3.16449321e+12\n",
      "   -1.21485712e+12 -4.11461294e+11]]\n",
      "\n",
      " [[-1.21485712e+12 -3.56547153e+12 -9.22998910e+12 ... -9.22998910e+12\n",
      "   -3.56547153e+12 -1.21485712e+12]\n",
      "  [-3.56547153e+12 -1.03907672e+13 -2.67006654e+13 ... -2.67006654e+13\n",
      "   -1.03907672e+13 -3.56547153e+12]\n",
      "  [-9.22998910e+12 -2.67006654e+13 -6.80738999e+13 ... -6.80738999e+13\n",
      "   -2.67006654e+13 -9.22998910e+12]\n",
      "  ...\n",
      "  [-9.22998910e+12 -2.67006654e+13 -6.80738999e+13 ... -6.80738999e+13\n",
      "   -2.67006654e+13 -9.22998910e+12]\n",
      "  [-3.56547153e+12 -1.03907672e+13 -2.67006654e+13 ... -2.67006654e+13\n",
      "   -1.03907672e+13 -3.56547153e+12]\n",
      "  [-1.21485712e+12 -3.56547153e+12 -9.22998910e+12 ... -9.22998910e+12\n",
      "   -3.56547153e+12 -1.21485712e+12]]\n",
      "\n",
      " [[-3.16449321e+12 -9.22998910e+12 -2.37389918e+13 ... -2.37389918e+13\n",
      "   -9.22998910e+12 -3.16449321e+12]\n",
      "  [-9.22998910e+12 -2.67006654e+13 -6.80738999e+13 ... -6.80738999e+13\n",
      "   -2.67006654e+13 -9.22998910e+12]\n",
      "  [-2.37389918e+13 -6.80738999e+13 -1.71919075e+14 ... -1.71919075e+14\n",
      "   -6.80738999e+13 -2.37389918e+13]\n",
      "  ...\n",
      "  [-2.37389918e+13 -6.80738999e+13 -1.71919075e+14 ... -1.71919075e+14\n",
      "   -6.80738999e+13 -2.37389918e+13]\n",
      "  [-9.22998910e+12 -2.67006654e+13 -6.80738999e+13 ... -6.80738999e+13\n",
      "   -2.67006654e+13 -9.22998910e+12]\n",
      "  [-3.16449321e+12 -9.22998910e+12 -2.37389918e+13 ... -2.37389918e+13\n",
      "   -9.22998910e+12 -3.16449321e+12]]\n",
      "\n",
      " ...\n",
      "\n",
      " [[-3.16449321e+12 -9.22998910e+12 -2.37389918e+13 ... -2.37389918e+13\n",
      "   -9.22998910e+12 -3.16449321e+12]\n",
      "  [-9.22998910e+12 -2.67006654e+13 -6.80738999e+13 ... -6.80738999e+13\n",
      "   -2.67006654e+13 -9.22998910e+12]\n",
      "  [-2.37389918e+13 -6.80738999e+13 -1.71919075e+14 ... -1.71919075e+14\n",
      "   -6.80738999e+13 -2.37389918e+13]\n",
      "  ...\n",
      "  [-2.37389918e+13 -6.80738999e+13 -1.71919075e+14 ... -1.71919075e+14\n",
      "   -6.80738999e+13 -2.37389918e+13]\n",
      "  [-9.22998910e+12 -2.67006654e+13 -6.80738999e+13 ... -6.80738999e+13\n",
      "   -2.67006654e+13 -9.22998910e+12]\n",
      "  [-3.16449321e+12 -9.22998910e+12 -2.37389918e+13 ... -2.37389918e+13\n",
      "   -9.22998910e+12 -3.16449321e+12]]\n",
      "\n",
      " [[-1.21485712e+12 -3.56547153e+12 -9.22998910e+12 ... -9.22998910e+12\n",
      "   -3.56547153e+12 -1.21485712e+12]\n",
      "  [-3.56547153e+12 -1.03907672e+13 -2.67006654e+13 ... -2.67006654e+13\n",
      "   -1.03907672e+13 -3.56547153e+12]\n",
      "  [-9.22998910e+12 -2.67006654e+13 -6.80738999e+13 ... -6.80738999e+13\n",
      "   -2.67006654e+13 -9.22998910e+12]\n",
      "  ...\n",
      "  [-9.22998910e+12 -2.67006654e+13 -6.80738999e+13 ... -6.80738999e+13\n",
      "   -2.67006654e+13 -9.22998910e+12]\n",
      "  [-3.56547153e+12 -1.03907672e+13 -2.67006654e+13 ... -2.67006654e+13\n",
      "   -1.03907672e+13 -3.56547153e+12]\n",
      "  [-1.21485712e+12 -3.56547153e+12 -9.22998910e+12 ... -9.22998910e+12\n",
      "   -3.56547153e+12 -1.21485712e+12]]\n",
      "\n",
      " [[-4.11461294e+11 -1.21485712e+12 -3.16449321e+12 ... -3.16449321e+12\n",
      "   -1.21485712e+12 -4.11461294e+11]\n",
      "  [-1.21485712e+12 -3.56547153e+12 -9.22998910e+12 ... -9.22998910e+12\n",
      "   -3.56547153e+12 -1.21485712e+12]\n",
      "  [-3.16449321e+12 -9.22998910e+12 -2.37389918e+13 ... -2.37389918e+13\n",
      "   -9.22998910e+12 -3.16449321e+12]\n",
      "  ...\n",
      "  [-3.16449321e+12 -9.22998910e+12 -2.37389918e+13 ... -2.37389918e+13\n",
      "   -9.22998910e+12 -3.16449321e+12]\n",
      "  [-1.21485712e+12 -3.56547153e+12 -9.22998910e+12 ... -9.22998910e+12\n",
      "   -3.56547153e+12 -1.21485712e+12]\n",
      "  [-4.11461294e+11 -1.21485712e+12 -3.16449321e+12 ... -3.16449321e+12\n",
      "   -1.21485712e+12 -4.11461294e+11]]]\n"
     ]
    }
   ],
   "source": [
    "vmax = 1000.\n",
    "L = 20\n",
    "    \n",
    "h = 2. * vmax / L\n",
    "vx_ = np.linspace(-vmax+h/2, vmax-h/2, L)\n",
    "\n",
    "print vx_\n",
    "\n",
    "vx, vy, vz = np.meshgrid(vx_, vx_, vx_, indexing='ij')\n",
    "\n",
    "f = F_m(vx, vy, vz, 0, 0, 0, 300, 1.88191915312e+25)\n",
    "\n",
    "print J(f, vmax, L)"
   ]
  },
  {
   "cell_type": "code",
   "execution_count": null,
   "metadata": {},
   "outputs": [],
   "source": []
  }
 ],
 "metadata": {
  "kernelspec": {
   "display_name": "Python 2",
   "language": "python",
   "name": "python2"
  },
  "language_info": {
   "codemirror_mode": {
    "name": "ipython",
    "version": 2
   },
   "file_extension": ".py",
   "mimetype": "text/x-python",
   "name": "python",
   "nbconvert_exporter": "python",
   "pygments_lexer": "ipython2",
   "version": "2.7.15"
  }
 },
 "nbformat": 4,
 "nbformat_minor": 2
}
